1.000 1.000 1.000 1.000 0.839 0.855 0.851 0.859 0.859 0.855 0.843 0.749 0.843 0.780 0.773 0.855 0.714 0.820 0.855 0.702 0.722 0.722 0.831 0.843 0.847 0.820 0.831 0.831 0.796 0.694 0.663 0.620 0.627 0.635 0.639 0.647 0.608 0.588 0.608 0.635 0.620 0.651 0.569 0.502 0.478 0.643 0.647 0.592 0.553 0.565 0.608 0.541 0.565 0.584 0.557 0.514 0.278 0.525 0.541 0.522 0.471 0.537 0.451 0.518 0.431 0.494 0.408 0.314 0.435 0.443 0.353 0.424 0.439 0.408 0.424 0.431 0.408 0.557 0.753 0.800 0.784 0.541 0.490 0.725 0.510 0.655 0.686 0.620 0.608 0.647 0.714 0.624 0.616 0.616 0.620 0.627 0.682 0.996 1.000 1.000
1.000 1.000 1.000 1.000 0.839 0.863 0.859 0.847 0.847 0.867 0.835 0.776 0.843 0.580 0.855 0.843 0.710 0.796 0.831 0.671 0.788 0.710 0.804 0.847 0.859 0.820 0.835 0.855 0.843 0.859 0.843 0.804 0.839 0.820 0.655 0.604 0.576 0.631 0.588 0.584 0.553 0.580 0.588 0.565 0.573 0.580 0.596 0.608 0.549 0.514 0.510 0.569 0.569 0.580 0.482 0.490 0.482 0.443 0.486 0.490 0.471 0.478 0.439 0.424 0.467 0.463 0.298 0.353 0.427 0.404 0.439 0.404 0.471 0.376 0.396 0.404 0.345 0.541 0.776 0.824 0.780 0.522 0.447 0.737 0.494 0.663 0.667 0.765 0.573 0.635 0.690 0.624 0.635 0.620 0.643 0.639 0.714 0.996 1.000 1.000
1.000 1.000 1.000 1.000 0.929 0.855 0.859 0.847 0.855 0.843 0.776 0.886 0.780 0.733 0.847 0.863 0.753 0.796 0.831 0.667 0.804 0.792 0.722 0.745 0.855 0.820 0.851 0.835 0.855 0.859 0.839 0.824 0.831 0.859 0.847 0.808 0.800 0.788 0.824 0.745 0.620 0.561 0.541 0.447 0.600 0.612 0.604 0.580 0.510 0.522 0.557 0.569 0.502 0.502 0.471 0.463 0.490 0.420 0.549 0.490 0.482 0.498 0.424 0.455 0.486 0.478 0.400 0.349 0.365 0.482 0.365 0.373 0.412 0.427 0.498 0.451 0.455 0.686 0.796 0.824 0.745 0.541 0.541 0.737 0.525 0.733 0.643 0.808 0.592 0.627 0.639 0.651 0.643 0.627 0.643 0.651 0.780 1.000 1.000 1.000
1.000 1.000 1.000 1.000 1.000 0.855 0.851 0.843 0.863 0.843 0.780 0.859 0.737 0.827 0.824 0.839 0.863 0.769 0.808 0.686 0.776 0.843 0.796 0.729 0.827 0.827 0.831 0.839 0.851 0.859 0.839 0.812 0.847 0.871 0.855 0.792 0.816 0.839 0.820 0.824 0.792 0.784 0.780 0.808 0.835 0.831 0.812 0.784 0.694 0.616 0.490 0.557 0.522 0.537 0.537 0.486 0.506 0.365 0.518 0.506 0.510 0.478 0.451 0.471 0.478 0.525 0.431 0.388 0.361 0.443 0.475 0.443 0.416 0.427 0.376 0.435 0.396 0.792 0.827 0.820 0.682 0.592 0.667 0.784 0.561 0.773 0.667 0.792 0.631 0.604 0.624 0.643 0.647 0.620 0.643 0.678 0.875 1.000 1.000 1.000
1.000 1.000 1.000 1.000 1.000 0.847 0.847 0.847 0.851 0.816 0.875 0.863 0.627 0.863 0.800 0.835 0.867 0.682 0.784 0.663 0.757 0.831 0.824 0.788 0.698 0.835 0.847 0.831 0.851 0.863 0.831 0.808 0.843 0.863 0.863 0.808 0.824 0.800 0.839 0.769 0.800 0.776 0.412 0.839 0.843 0.820 0.816 0.812 0.831 0.800 0.808 0.816 0.808 0.816 0.784 0.804 0.773 0.796 0.741 0.725 0.514 0.482 0.486 0.416 0.522 0.463 0.424 0.314 0.506 0.514 0.396 0.431 0.671 0.710 0.745 0.737 0.765 0.796 0.835 0.812 0.635 0.639 0.678 0.753 0.627 0.784 0.667 0.729 0.745 0.592 0.639 0.624 0.627 0.639 0.655 0.686 1.000 1.000 1.000 1.000
1.000 1.000 1.000 1.000 1.000 0.851 0.847 0.851 0.831 0.796 0.875 0.831 0.745 0.847 0.800 0.863 0.800 0.875 0.761 0.690 0.776 0.816 0.824 0.820 0.722 0.788 0.843 0.855 0.863 0.863 0.851 0.839 0.851 0.863 0.851 0.824 0.765 0.820 0.816 0.816 0.776 0.749 0.702 0.847 0.824 0.827 0.827 0.812 0.808 0.820 0.816 0.796 0.824 0.827 0.780 0.816 0.796 0.761 0.651 0.776 0.800 0.820 0.776 0.776 0.808 0.800 0.745 0.694 0.757 0.769 0.761 0.725 0.757 0.773 0.757 0.761 0.784 0.816 0.835 0.765 0.631 0.694 0.753 0.627 0.663 0.796 0.655 0.690 0.804 0.608 0.624 0.639 0.635 0.643 0.667 0.725 1.000 1.000 1.000 1.000
1.000 1.000 1.000 1.000 1.000 0.996 0.839 0.851 0.835 0.847 0.863 0.804 0.855 0.827 0.776 0.847 0.769 0.867 0.718 0.659 0.804 0.800 0.839 0.824 0.812 0.776 0.831 0.851 0.859 0.859 0.824 0.835 0.851 0.867 0.847 0.827 0.800 0.808 0.827 0.796 0.773 0.722 0.749 0.827 0.824 0.804 0.816 0.839 0.808 0.820 0.824 0.796 0.804 0.820 0.800 0.808 0.788 0.792 0.804 0.725 0.820 0.808 0.769 0.780 0.800 0.788 0.741 0.694 0.725 0.765 0.773 0.749 0.745 0.773 0.745 0.773 0.820 0.824 0.820 0.702 0.647 0.753 0.761 0.529 0.686 0.808 0.659 0.667 0.812 0.620 0.624 0.643 0.643 0.671 0.678 0.800 1.000 1.000 1.000 1.000
1.000 1.000 1.000 1.000 1.000 1.000 0.843 0.847 0.839 0.851 0.851 0.769 0.871 0.820 0.784 0.847 0.753 0.824 0.678 0.741 0.808 0.788 0.816 0.831 0.804 0.788 0.820 0.859 0.863 0.843 0.851 0.835 0.859 0.859 0.851 0.827 0.812 0.827 0.804 0.780 0.757 0.478 0.796 0.824 0.800 0.808 0.831 0.812 0.820 0.816 0.824 0.808 0.792 0.804 0.792 0.800 0.808 0.804 0.796 0.459 0.816 0.804 0.784 0.780 0.792 0.776 0.733 0.698 0.741 0.776 0.757 0.741 0.745 0.745 0.769 0.749 0.827 0.827 0.800 0.710 0.631 0.788 0.788 0.667 0.698 0.820 0.663 0.667 0.776 0.690 0.635 0.639 0.643 0.675 0.710 1.000 1.000 1.000 1.000 1.000
1.000 1.000 1.000 1.000 1.000 1.000 0.953 0.843 0.843 0.839 0.851 0.784 0.855 0.831 0.855 0.816 0.851 0.769 0.659 0.749 0.820 0.788 0.769 0.820 0.784 0.816 0.812 0.843 0.859 0.851 0.863 0.831 0.863 0.843 0.851 0.816 0.808 0.820 0.804 0.784 0.561 0.510 0.816 0.820 0.831 0.824 0.816 0.808 0.824 0.816 0.816 0.824 0.792 0.820 0.827 0.800 0.820 0.800 0.800 0.647 0.776 0.800 0.788 0.765 0.784 0.769 0.733 0.694 0.737 0.749 0.757 0.729 0.757 0.765 0.761 0.800 0.796 0.859 0.788 0.702 0.702 0.820 0.780 0.675 0.714 0.796 0.659 0.659 0.729 0.722 0.624 0.647 0.651 0.678 0.729 1.000 1.000 1.000 1.000 1.000
1.000 1.000 1.000 1.000 1.000 1.000 1.000 0.839 0.839 0.843 0.839 0.831 0.855 0.824 0.851 0.788 0.851 0.694 0.753 0.773 0.827 0.749 0.800 0.824 0.741 0.808 0.800 0.851 0.867 0.843 0.855 0.847 0.851 0.863 0.835 0.804 0.827 0.843 0.792 0.796 0.541 0.604 0.808 0.824 0.835 0.808 0.824 0.824 0.816 0.800 0.816 0.820 0.804 0.827 0.816 0.788 0.804 0.788 0.800 0.780 0.682 0.808 0.816 0.780 0.780 0.773 0.737 0.722 0.722 0.741 0.718 0.741 0.780 0.745 0.749 0.784 0.847 0.851 0.745 0.690 0.733 0.835 0.769 0.753 0.620 0.808 0.682 0.675 0.706 0.722 0.651 0.671 0.675 0.702 0.863 1.000 1.000 1.000 1.000 1.000
1.000 1.000 1.000 1.000 1.000 1.000 1.000 0.992 0.839 0.835 0.835 0.827 0.839 0.827 0.851 0.769 0.820 0.722 0.792 0.761 0.792 0.761 0.796 0.816 0.749 0.804 0.839 0.835 0.863 0.859 0.851 0.843 0.855 0.847 0.835 0.835 0.831 0.831 0.761 0.792 0.655 0.757 0.835 0.827 0.816 0.816 0.843 0.816 0.835 0.792 0.804 0.824 0.812 0.812 0.855 0.788 0.796 0.804 0.788 0.792 0.455 0.792 0.784 0.788 0.761 0.761 0.725 0.702 0.718 0.749 0.698 0.741 0.776 0.749 0.761 0.820 0.847 0.839 0.729 0.682 0.737 0.831 0.737 0.796 0.596 0.804 0.682 0.690 0.702 0.714 0.694 0.686 0.686 0.725 0.992 1.000 1.000 1.000 1.000 1.000
1.000 1.000 1.000 1.000 1.000 1.000 1.000 1.000 0.855 0.835 0.839 0.831 0.835 0.827 0.773 0.863 0.851 0.729 0.792 0.804 0.808 0.776 0.812 0.784 0.784 0.808 0.796 0.835 0.859 0.851 0.867 0.831 0.847 0.847 0.835 0.824 0.827 0.808 0.796 0.808 0.667 0.808 0.808 0.835 0.820 0.827 0.788 0.749 0.831 0.761 0.741 0.706 0.784 0.804 0.835 0.780 0.780 0.812 0.800 0.808 0.745 0.725 0.804 0.776 0.745 0.780 0.722 0.698 0.694 0.733 0.710 0.737 0.745 0.757 0.757 0.800 0.843 0.827 0.733 0.678 0.765 0.800 0.729 0.824 0.698 0.784 0.710 0.714 0.702 0.698 0.686 0.706 0.737 0.804 1.000 1.000 1.000 1.000 1.000 1.000
1.000 1.000 1.000 1.000 1.000 1.000 1.000 1.000 1.000 0.847 0.831 0.835 0.839 0.820 0.796 0.847 0.875 0.773 0.808 0.808 0.776 0.808 0.827 0.745 0.800 0.784 0.820 0.851 0.859 0.847 0.851 0.839 0.839 0.835 0.831 0.835 0.824 0.827 0.839 0.796 0.753 0.827 0.820 0.831 0.831 0.831 0.808 0.808 0.804 0.816 0.812 0.808 0.796 0.824 0.761 0.757 0.773 0.800 0.804 0.808 0.792 0.682 0.800 0.769 0.745 0.773 0.698 0.694 0.702 0.753 0.702 0.725 0.749 0.737 0.733 0.792 0.816 0.824 0.741 0.694 0.792 0.788 0.725 0.835 0.729 0.741 0.714 0.737 0.725 0.741 0.733 0.737 0.753 1.000 1.000 1.000 1.000 1.000 1.000 1.000
1.000 1.000 1.000 1.000 1.000 1.000 1.000 1.000 1.000 0.992 0.843 0.831 0.824 0.824 0.843 0.875 0.796 0.804 0.773 0.816 0.792 0.788 0.808 0.784 0.816 0.831 0.808 0.851 0.847 0.847 0.843 0.847 0.843 0.847 0.855 0.827 0.835 0.820 0.788 0.616 0.792 0.824 0.816 0.812 0.820 0.827 0.824 0.835 0.820 0.816 0.820 0.831 0.824 0.800 0.796 0.800 0.784 0.769 0.706 0.796 0.792 0.592 0.737 0.765 0.710 0.780 0.753 0.710 0.725 0.737 0.710 0.729 0.753 0.749 0.784 0.780 0.808 0.831 0.784 0.737 0.761 0.761 0.722 0.812 0.769 0.616 0.710 0.722 0.741 0.710 0.722 0.761 0.988 1.000 1.000 1.000 1.000 1.000 1.000 1.000
1.000 1.000 1.000 1.000 1.000 1.000 1.000 1.000 1.000 1.000 1.000 0.890 0.831 0.824 0.847 0.843 0.804 0.796 0.796 0.788 0.769 0.800 0.788 0.792 0.796 0.839 0.792 0.839 0.843 0.847 0.847 0.831 0.843 0.835 0.827 0.812 0.843 0.835 0.733 0.682 0.820 0.827 0.824 0.831 0.824 0.835 0.820 0.812 0.804 0.792 0.804 0.808 0.824 0.816 0.776 0.773 0.796 0.804 0.780 0.749 0.773 0.522 0.722 0.776 0.714 0.749 0.729 0.698 0.733 0.745 0.725 0.733 0.753 0.725 0.780 0.757 0.776 0.788 0.816 0.729 0.780 0.773 0.690 0.788 0.796 0.718 0.710 0.733 0.741 0.745 0.761 0.839 1.000 1.000 1.000 1.000 1.000 1.000 1.000 1.000
1.000 1.000 1.000 1.000 1.000 1.000 1.000 1.000 1.000 1.000 1.000 1.000 0.988 0.882 0.878 0.867 0.820 0.827 0.808 0.831 0.808 0.792 0.800 0.800 0.792 0.827 0.773 0.835 0.808 0.843 0.824 0.831 0.808 0.831 0.851 0.812 0.796 0.749 0.796 0.796 0.816 0.831 0.580 0.631 0.635 0.627 0.608 0.580 0.600 0.643 0.667 0.678 0.667 0.592 0.518 0.784 0.765 0.788 0.788 0.780 0.808 0.769 0.686 0.725 0.710 0.776 0.729 0.722 0.741 0.722 0.725 0.722 0.749 0.733 0.773 0.784 0.753 0.800 0.796 0.808 0.788 0.757 0.749 0.780 0.812 0.741 0.714 0.753 0.745 0.773 0.827 1.000 1.000 1.000 1.000 1.000 1.000 1.000 1.000 1.000
1.000 1.000 1.000 1.000 1.000 1.000 1.000 1.000 1.000 1.000 1.000 1.000 1.000 0.965 0.875 0.855 0.851 0.843 0.827 0.827 0.839 0.784 0.780 0.792 0.827 0.808 0.804 0.847 0.792 0.839 0.816 0.835 0.835 0.855 0.749 0.784 0.773 0.769 0.600 0.463 0.643 0.643 0.686 0.667 0.651 0.616 0.576 0.580 0.600 0.612 0.675 0.682 0.655 0.604 0.525 0.467 0.522 0.608 0.769 0.761 0.765 0.796 0.600 0.733 0.733 0.761 0.745 0.733 0.729 0.702 0.718 0.729 0.765 0.722 0.757 0.773 0.788 0.761 0.773 0.792 0.784 0.765 0.761 0.784 0.769 0.788 0.725 0.769 0.773 0.843 1.000 1.000 1.000 1.000 1.000 1.000 1.000 1.000 1.000 1.000
1.000 1.000 1.000 1.000 1.000 1.000 1.000 1.000 1.000 1.000 1.000 1.000 1.000 1.000 1.000 0.996 0.894 0.867 0.863 0.843 0.831 0.824 0.804 0.796 0.796 0.796 0.804 0.820 0.773 0.831 0.820 0.835 0.839 0.820 0.804 0.796 0.792 0.737 0.592 0.639 0.663 0.682 0.647 0.635 0.620 0.604 0.576 0.557 0.588 0.580 0.631 0.655 0.643 0.588 0.533 0.475 0.467 0.502 0.549 0.769 0.784 0.788 0.376 0.725 0.757 0.757 0.741 0.776 0.741 0.745 0.753 0.733 0.733 0.745 0.765 0.757 0.788 0.765 0.780 0.780 0.761 0.773 0.773 0.796 0.800 0.784 0.737 0.796 0.992 1.000 1.000 1.000 1.000 1.000 1.000 1.000 1.000 1.000 1.000 1.000
1.000 1.000 1.000 1.000 1.000 1.000 1.000 1.000 1.000 1.000 1.000 1.000 1.000 1.000 1.000 1.000 1.000 1.000 0.996 0.882 0.859 0.831 0.784 0.831 0.788 0.780 0.835 0.816 0.780 0.847 0.816 0.824 0.733 0.816 0.800 0.820 0.620 0.612 0.596 0.675 0.639 0.627 0.643 0.612 0.616 0.573 0.608 0.561 0.580 0.569 0.584 0.627 0.624 0.576 0.522 0.435 0.439 0.482 0.541 0.549 0.702 0.729 0.702 0.702 0.749 0.796 0.773 0.792 0.737 0.757 0.812 0.729 0.753 0.722 0.769 0.757 0.780 0.776 0.769 0.765 0.788 0.804 0.784 0.804 0.812 0.808 0.816 1.000 1.000 1.000 1.000 1.000 1.000 1.000 1.000 1.000 1.000 1.000 1.000 1.000
1.000 1.000 1.000 1.000 1.000 1.000 1.000 1.000 1.000 1.000 1.000 1.000 1.000 1.000 1.000 1.000 1.000 1.000 1.000 1.000 0.996 0.898 0.839 0.812 0.851 0.824 0.808 0.812 0.804 0.835 0.827 0.784 0.835 0.827 0.831 0.490 0.643 0.467 0.631 0.631 0.678 0.651 0.624 0.627 0.616 0.588 0.596 0.580 0.588 0.584 0.573 0.600 0.588 0.533 0.475 0.455 0.424 0.455 0.490 0.522 0.486 0.443 0.655 0.686 0.761 0.722 0.831 0.773 0.737 0.776 0.753 0.729 0.753 0.722 0.765 0.745 0.753 0.784 0.773 0.788 0.800 0.808 0.831 0.839 0.910 1.000 1.000 1.000 1.000 1.000 1.000 1.000 1.000 1.000 1.000 1.000 1.000 1.000 1.000 1.000
1.000 1.000 1.000 1.000 1.000 1.000 1.000 1.000 1.000 1.000 1.000 1.000 1.000 1.000 1.000 1.000 1.000 1.000 1.000 1.000 1.000 1.000 0.992 0.890 0.855 0.792 0.780 0.824 0.812 0.835 0.796 0.847 0.827 0.835 0.773 0.573 0.600 0.631 0.651 0.627 0.639 0.620 0.612 0.620 0.616 0.612 0.584 0.569 0.553 0.549 0.553 0.557 0.545 0.553 0.494 0.451 0.443 0.412 0.443 0.482 0.463 0.447 0.427 0.651 0.749 0.792 0.729 0.827 0.761 0.725 0.706 0.765 0.702 0.741 0.796 0.773 0.773 0.776 0.824 0.820 0.824 0.925 1.000 0.996 1.000 1.000 1.000 1.000 1.000 1.000 1.000 1.000 1.000 1.000 1.000 1.000 1.000 1.000 1.000 1.000
1.000 1.000 1.000 1.000 1.000 1.000 1.000 1.000 1.000 1.000 1.000 1.000 1.000 1.000 1.000 1.000 1.000 1.000 1.000 1.000 1.000 1.000 1.000 1.000 1.000 0.898 0.859 0.812 0.808 0.839 0.784 0.827 0.843 0.827 0.537 0.600 0.498 0.616 0.624 0.631 0.647 0.647 0.635 0.620 0.608 0.604 0.580 0.584 0.561 0.529 0.498 0.502 0.490 0.502 0.494 0.451 0.420 0.408 0.439 0.459 0.471 0.447 0.400 0.455 0.761 0.718 0.776 0.659 0.741 0.847 0.737 0.835 0.725 0.816 0.776 0.820 0.812 0.831 0.835 0.996 1.000 1.000 1.000 1.000 1.000 1.000 1.000 1.000 1.000 1.000 1.000 1.000 1.000 1.000 1.000 1.000 1.000 1.000 1.000 1.000
1.000 1.000 1.000 1.000 1.000 1.000 1.000 1.000 1.000 1.000 1.000 1.000 1.000 1.000 1.000 1.000 1.000 1.000 1.000 1.000 1.000 1.000 1.000 1.000 1.000 1.000 0.996 0.875 0.820 0.820 0.839 0.820 0.839 0.388 0.608 0.600 0.553 0.635 0.651 0.655 0.635 0.655 0.631 0.627 0.635 0.631 0.616 0.600 0.576 0.522 0.506 0.459 0.455 0.482 0.502 0.475 0.408 0.424 0.420 0.447 0.443 0.412 0.459 0.322 0.412 0.761 0.737 0.776 0.745 0.773 0.737 0.784 0.761 0.812 0.831 0.831 0.859 0.996 1.000 1.000 1.000 1.000 1.000 1.000 1.000 1.000 1.000 1.000 1.000 1.000 1.000 1.000 1.000 1.000 1.000 1.000 1.000 1.000 1.000 1.000
1.000 1.000 1.000 1.000 1.000 1.000 1.000 1.000 1.000 1.000 1.000 1.000 1.000 1.000 1.000 1.000 1.000 1.000 1.000 1.000 1.000 1.000 1.000 1.000 1.000 1.000 1.000 1.000 1.000 0.878 0.820 0.839 0.843 0.573 0.592 0.553 0.588 0.635 0.651 0.624 0.631 0.659 0.631 0.620 0.643 0.624 0.608 0.596 0.561 0.502 0.478 0.467 0.443 0.451 0.471 0.486 0.451 0.412 0.431 0.435 0.435 0.416 0.510 0.376 0.584 0.725 0.761 0.769 0.722 0.831 0.808 0.816 0.835 0.863 0.890 0.996 1.000 1.000 1.000 1.000 1.000 1.000 1.000 1.000 1.000 1.000 1.000 1.000 1.000 1.000 1.000 1.000 1.000 1.000 1.000 1.000 1.000 1.000 1.000 1.000
1.000 1.000 1.000 1.000 1.000 1.000 1.000 1.000 1.000 1.000 1.000 1.000 1.000 1.000 1.000 1.000 1.000 1.000 1.000 1.000 1.000 1.000 1.000 1.000 1.000 1.000 1.000 1.000 1.000 1.000 0.996 0.855 0.839 0.553 0.565 0.498 0.588 0.647 0.639 0.655 0.647 0.655 0.635 0.647 0.639 0.635 0.600 0.576 0.533 0.506 0.447 0.431 0.416 0.424 0.427 0.459 0.463 0.439 0.424 0.412 0.396 0.424 0.529 0.404 0.584 0.592 0.733 0.733 0.808 0.820 0.871 0.871 0.906 1.000 1.000 1.000 1.000 1.000 1.000 1.000 1.000 1.000 1.000 1.000 1.000 1.000 1.000 1.000 1.000 1.000 1.000 1.000 1.000 1.000 1.000 1.000 1.000 1.000 1.000 1.000
1.000 1.000 1.000 1.000 1.000 1.000 1.000 1.000 1.000 1.000 1.000 1.000 1.000 1.000 1.000 1.000 1.000 1.000 1.000 1.000 1.000 1.000 1.000 1.000 1.000 1.000 1.000 1.000 1.000 1.000 1.000 1.000 0.953 0.659 0.584 0.533 0.604 0.655 0.643 0.651 0.647 0.635 0.643 0.651 0.631 0.635 0.612 0.541 0.486 0.447 0.427 0.420 0.412 0.408 0.396 0.435 0.447 0.451 0.435 0.416 0.400 0.424 0.525 0.561 0.667 0.675 0.776 0.843 0.847 0.882 0.996 1.000 1.000 1.000 1.000 1.000 1.000 1.000 1.000 1.000 1.000 1.000 1.000 1.000 1.000 1.000 1.000 1.000 1.000 1.000 1.000 1.000 1.000 1.000 1.000 1.000 1.000 1.000 1.000 1.000
1.000 1.000 1.000 1.000 1.000 1.000 1.000 1.000 1.000 1.000 1.000 1.000 1.000 1.000 1.000 1.000 1.000 1.000 1.000 1.000 1.000 1.000 1.000 1.000 1.000 1.000 1.000 1.000 1.000 1.000 1.000 1.000 1.000 0.996 0.980 0.388 0.624 0.643 0.639 0.635 0.635 0.631 0.624 0.635 0.584 0.592 0.561 0.561 0.475 0.384 0.369 0.400 0.361 0.376 0.400 0.404 0.404 0.420 0.424 0.416 0.412 0.416 0.522 0.600 0.706 0.761 0.651 0.898 0.976 1.000 1.000 1.000 1.000 1.000 1.000 1.000 1.000 1.000 1.000 1.000 1.000 1.000 1.000 1.000 1.000 1.000 1.000 1.000 1.000 1.000 1.000 1.000 1.000 1.000 1.000 1.000 1.000 1.000 1.000 1.000
1.000 1.000 1.000 1.000 1.000 1.000 1.000 1.000 1.000 1.000 1.000 1.000 1.000 1.000 1.000 1.000 1.000 1.000 1.000 1.000 1.000 1.000 1.000 1.000 1.000 1.000 1.000 1.000 1.000 1.000 1.000 1.000 1.000 1.000 1.000 0.988 0.631 0.643 0.643 0.643 0.655 0.647 0.639 0.631 0.600 0.588 0.576 0.557 0.525 0.427 0.337 0.322 0.345 0.380 0.357 0.380 0.404 0.408 0.400 0.396 0.404 0.416 0.576 0.667 0.827 0.867 0.867 1.000 1.000 1.000 1.000 1.000 1.000 1.000 1.000 1.000 1.000 1.000 1.000 1.000 1.000 1.000 1.000 1.000 1.000 1.000 1.000 1.000 1.000 1.000 1.000 1.000 1.000 1.000 1.000 1.000 1.000 1.000 1.000 1.000
1.000 1.000 1.000 1.000 1.000 1.000 1.000 1.000 1.000 1.000 1.000 1.000 1.000 1.000 1.000 1.000 1.000 1.000 1.000 1.000 1.000 1.000 1.000 1.000 1.000 1.000 1.000 1.000 1.000 1.000 1.000 1.000 1.000 1.000 1.000 1.000 0.643 0.639 0.651 0.651 0.604 0.655 0.627 0.557 0.580 0.584 0.553 0.502 0.522 0.373 0.376 0.318 0.302 0.341 0.349 0.333 0.396 0.388 0.388 0.400 0.412 0.435 0.604 0.784 1.000 1.000 1.000 1.000 1.000 1.000 1.000 1.000 1.000 1.000 1.000 1.000 1.000 1.000 1.000 1.000 1.000 1.000 1.000 1.000 1.000 1.000 1.000 1.000 1.000 1.000 1.000 1.000 1.000 1.000 1.000 1.000 1.000 1.000 1.000 1.000
1.000 1.000 1.000 1.000 1.000 1.000 1.000 1.000 1.000 1.000 1.000 1.000 1.000 1.000 1.000 1.000 1.000 1.000 1.000 1.000 1.000 1.000 1.000 1.000 1.000 1.000 1.000 1.000 0.996 1.000 1.000 1.000 1.000 1.000 1.000 0.996 0.643 0.643 0.627 0.631 0.624 0.631 0.588 0.510 0.580 0.553 0.514 0.431 0.459 0.396 0.388 0.333 0.310 0.282 0.325 0.322 0.349 0.384 0.384 0.396 0.388 0.424 0.643 0.855 1.000 1.000 1.000 1.000 1.000 1.000 1.000 1.000 1.000 1.000 1.000 1.000 1.000 1.000 1.000 1.000 1.000 1.000 1.000 1.000 1.000 1.000 1.000 1.000 1.000 1.000 1.000 1.000 1.000 1.000 1.000 1.000 1.000 1.000 1.000 1.000
1.000 1.000 1.000 1.000 1.000 1.000 1.000 1.000 1.000 1.000 1.000 1.000 1.000 1.000 1.000 1.000 1.000 1.000 1.000 1.000 1.000 1.000 1.000 1.000 1.000 1.000 1.000 1.000 1.000 1.000 1.000 1.000 1.000 1.000 1.000 0.992 0.624 0.639 0.651 0.643 0.631 0.592 0.561 0.557 0.467 0.400 0.376 0.408 0.404 0.325 0.314 0.298 0.298 0.282 0.325 0.333 0.329 0.345 0.373 0.388 0.384 0.439 0.702 1.000 1.000 1.000 1.000 1.000 1.000 1.000 1.000 1.000 1.000 1.000 1.000 1.000 1.000 1.000 1.000 1.000 1.000 1.000 1.000 1.000 1.000 1.000 1.000 1.000 1.000 1.000 1.000 1.000 1.000 1.000 1.000 1.000 1.000 1.000 1.000 1.000
1.000 1.000 1.000 1.000 1.000 1.000 1.000 1.000 1.000 1.000 1.000 1.000 1.000 1.000 1.000 1.000 1.000 1.000 1.000 1.000 1.000 1.000 1.000 1.000 1.000 1.000 1.000 1.000 1.000 1.000 1.000 1.000 1.000 1.000 1.000 0.878 0.631 0.627 0.620 0.631 0.600 0.541 0.506 0.388 0.459 0.420 0.376 0.333 0.306 0.306 0.243 0.259 0.255 0.267 0.271 0.243 0.290 0.314 0.357 0.373 0.392 0.451 0.765 1.000 1.000 1.000 1.000 1.000 1.000 1.000 1.000 1.000 1.000 1.000 1.000 1.000 1.000 1.000 1.000 1.000 1.000 1.000 1.000 1.000 1.000 1.000 1.000 1.000 1.000 1.000 1.000 1.000 1.000 1.000 1.000 1.000 1.000 1.000 1.000 1.000
1.000 1.000 1.000 1.000 1.000 1.000 1.000 1.000 1.000 1.000 1.000 1.000 1.000 1.000 1.000 1.000 1.000 1.000 1.000 1.000 1.000 1.000 1.000 1.000 1.000 1.000 1.000 1.000 1.000 1.000 1.000 1.000 1.000 1.000 1.000 0.749 0.616 0.647 0.592 0.569 0.471 0.416 0.400 0.329 0.369 0.231 0.251 0.180 0.235 0.204 0.188 0.224 0.255 0.227 0.243 0.263 0.322 0.310 0.314 0.369 0.392 0.475 0.780 1.000 1.000 1.000 1.000 1.000 1.000 1.000 1.000 1.000 1.000 1.000 1.000 1.000 1.000 1.000 1.000 1.000 1.000 1.000 1.000 1.000 1.000 1.000 1.000 1.000 1.000 1.000 1.000 1.000 1.000 1.000 1.000 1.000 1.000 1.000 1.000 1.000
1.000 1.000 1.000 1.000 1.000 1.000 1.000 1.000 1.000 1.000 1.000 1.000 1.000 1.000 1.000 1.000 1.000 1.000 1.000 1.000 1.000 1.000 1.000 1.000 1.000 1.000 1.000 1.000 1.000 1.000 1.000 1.000 1.000 1.000 1.000 0.690 0.624 0.584 0.506 0.541 0.490 0.239 0.145 0.141 0.149 0.165 0.141 0.153 0.137 0.122 0.125 0.180 0.220 0.216 0.263 0.271 0.310 0.306 0.322 0.353 0.400 0.482 0.816 1.000 1.000 1.000 1.000 1.000 1.000 1.000 1.000 1.000 1.000 1.000 1.000 1.000 1.000 1.000 1.000 1.000 1.000 1.000 1.000 1.000 1.000 1.000 1.000 1.000 1.000 1.000 1.000 1.000 1.000 1.000 1.000 1.000 1.000 1.000 1.000 1.000
1.000 1.000 1.000 1.000 1.000 1.000 1.000 1.000 1.000 1.000 1.000 1.000 1.000 1.000 1.000 1.000 1.000 1.000 1.000 1.000 1.000 1.000 1.000 1.000 1.000 1.000 1.000 1.000 1.000 1.000 1.000 1.000 1.000 1.000 1.000 0.651 0.608 0.510 0.561 0.302 0.180 0.208 0.137 0.125 0.153 0.129 0.137 0.106 0.110 0.122 0.122 0.125 0.118 0.263 0.227 0.259 0.278 0.286 0.329 0.349 0.400 0.553 0.965 1.000 1.000 1.000 1.000 1.000 1.000 1.000 1.000 1.000 1.000 1.000 1.000 1.000 1.000 1.000 1.000 1.000 1.000 1.000 1.000 1.000 1.000 1.000 1.000 1.000 1.000 1.000 1.000 1.000 1.000 1.000 1.000 1.000 1.000 1.000 1.000 1.000
1.000 1.000 1.000 1.000 1.000 1.000 1.000 1.000 1.000 1.000 1.000 1.000 1.000 1.000 1.000 1.000 1.000 1.000 1.000 1.000 1.000 1.000 1.000 1.000 1.000 1.000 1.000 1.000 1.000 1.000 1.000 1.000 1.000 1.000 1.000 0.647 0.565 0.525 0.267 0.188 0.212 0.137 0.153 0.153 0.173 0.169 0.157 0.125 0.149 0.110 0.110 0.110 0.114 0.106 0.227 0.231 0.275 0.329 0.345 0.349 0.384 0.541 1.000 1.000 1.000 1.000 1.000 1.000 1.000 1.000 1.000 1.000 1.000 1.000 1.000 1.000 1.000 1.000 1.000 1.000 1.000 1.000 1.000 1.000 1.000 1.000 1.000 1.000 1.000 1.000 1.000 1.000 1.000 1.000 1.000 1.000 1.000 1.000 1.000 1.000
0.996 1.000 1.000 1.000 1.000 1.000 1.000 1.000 1.000 1.000 1.000 1.000 1.000 1.000 1.000 1.000 1.000 1.000 1.000 1.000 1.000 1.000 1.000 1.000 1.000 1.000 1.000 1.000 0.996 1.000 1.000 1.000 1.000 1.000 1.000 0.612 0.561 0.318 0.169 0.141 0.227 0.224 0.196 0.204 0.208 0.180 0.161 0.149 0.161 0.122 0.118 0.110 0.118 0.110 0.114 0.184 0.278 0.290 0.333 0.353 0.412 0.569 0.996 1.000 1.000 1.000 1.000 1.000 1.000 1.000 1.000 1.000 1.000 1.000 1.000 1.000 1.000 1.000 1.000 1.000 1.000 1.000 1.000 1.000 1.000 1.000 1.000 1.000 1.000 1.000 1.000 1.000 1.000 1.000 1.000 1.000 1.000 1.000 1.000 1.000
1.000 1.000 1.000 1.000 1.000 1.000 1.000 1.000 1.000 1.000 1.000 1.000 1.000 1.000 1.000 1.000 1.000 1.000 1.000 1.000 1.000 1.000 1.000 1.000 1.000 1.000 1.000 1.000 1.000 1.000 1.000 1.000 1.000 1.000 1.000 0.600 0.255 0.176 0.227 0.227 0.149 0.275 0.184 0.239 0.278 0.267 0.267 0.176 0.153 0.137 0.137 0.118 0.110 0.114 0.118 0.122 0.239 0.306 0.314 0.345 0.475 0.549 1.000 1.000 1.000 1.000 1.000 1.000 1.000 1.000 1.000 1.000 1.000 1.000 1.000 1.000 1.000 1.000 1.000 1.000 1.000 1.000 1.000 1.000 1.000 1.000 1.000 1.000 1.000 1.000 1.000 1.000 1.000 1.000 1.000 1.000 1.000 1.000 1.000 1.000
1.000 1.000 1.000 1.000 1.000 1.000 1.000 1.000 1.000 1.000 1.000 1.000 1.000 1.000 1.000 1.000 1.000 1.000 1.000 1.000 1.000 1.000 1.000 1.000 1.000 1.000 1.000 1.000 1.000 1.000 1.000 1.000 1.000 1.000 1.000 0.318 0.224 0.235 0.224 0.235 0.220 0.247 0.310 0.337 0.239 0.349 0.267 0.251 0.184 0.157 0.141 0.110 0.122 0.125 0.141 0.129 0.129 0.247 0.302 0.353 0.475 0.631 1.000 1.000 1.000 1.000 1.000 1.000 1.000 1.000 1.000 1.000 1.000 1.000 1.000 1.000 1.000 1.000 1.000 1.000 1.000 1.000 1.000 1.000 1.000 1.000 1.000 1.000 1.000 1.000 1.000 1.000 1.000 1.000 1.000 1.000 1.000 1.000 1.000 1.000
1.000 1.000 1.000 1.000 1.000 1.000 1.000 1.000 1.000 1.000 1.000 1.000 1.000 1.000 1.000 1.000 1.000 1.000 1.000 1.000 1.000 1.000 1.000 1.000 1.000 1.000 1.000 1.000 1.000 1.000 1.000 1.000 1.000 1.000 0.800 0.243 0.239 0.200 0.173 0.365 0.298 0.329 0.420 0.380 0.376 0.392 0.400 0.275 0.196 0.204 0.157 0.137 0.129 0.141 0.129 0.141 0.133 0.145 0.298 0.318 0.478 0.663 1.000 0.996 1.000 1.000 1.000 1.000 1.000 1.000 1.000 1.000 1.000 1.000 1.000 1.000 1.000 1.000 1.000 1.000 1.000 1.000 1.000 1.000 1.000 1.000 1.000 1.000 1.000 1.000 1.000 1.000 1.000 1.000 1.000 1.000 1.000 1.000 1.000 1.000
0.996 1.000 1.000 0.996 1.000 1.000 1.000 1.000 1.000 1.000 1.000 1.000 1.000 1.000 1.000 1.000 1.000 1.000 1.000 1.000 1.000 1.000 1.000 1.000 1.000 1.000 1.000 1.000 1.000 1.000 1.000 1.000 1.000 1.000 0.396 0.306 0.314 0.188 0.196 0.263 0.518 0.537 0.502 0.533 0.529 0.427 0.337 0.345 0.333 0.275 0.267 0.184 0.169 0.122 0.133 0.133 0.153 0.153 0.208 0.329 0.490 0.635 1.000 1.000 1.000 1.000 1.000 1.000 1.000 1.000 1.000 1.000 1.000 1.000 1.000 1.000 1.000 1.000 1.000 1.000 1.000 1.000 1.000 1.000 1.000 1.000 1.000 1.000 1.000 1.000 1.000 1.000 1.000 1.000 1.000 1.000 1.000 1.000 1.000 1.000
0.996 1.000 1.000 1.000 1.000 1.000 1.000 1.000 1.000 1.000 1.000 1.000 1.000 1.000 1.000 1.000 1.000 1.000 1.000 1.000 1.000 1.000 1.000 1.000 1.000 1.000 1.000 1.000 1.000 1.000 1.000 1.000 1.000 0.596 0.325 0.345 0.286 0.169 0.188 0.227 0.400 0.592 0.612 0.278 0.302 0.243 0.231 0.259 0.341 0.322 0.286 0.212 0.157 0.118 0.129 0.133 0.153 0.165 0.169 0.384 0.490 0.698 1.000 1.000 1.000 1.000 1.000 1.000 1.000 1.000 1.000 1.000 1.000 1.000 1.000 1.000 1.000 1.000 1.000 1.000 1.000 1.000 1.000 1.000 1.000 1.000 1.000 1.000 1.000 1.000 1.000 1.000 1.000 1.000 1.000 1.000 1.000 1.000 1.000 1.000
0.996 0.996 0.996 1.000 1.000 1.000 1.000 1.000 1.000 1.000 1.000 1.000 1.000 1.000 1.000 1.000 1.000 1.000 1.000 1.000 1.000 1.000 1.000 1.000 1.000 1.000 1.000 1.000 1.000 1.000 1.000 1.000 0.996 0.384 0.275 0.325 0.298 0.208 0.192 0.482 0.545 0.569 0.420 0.271 0.231 0.224 0.204 0.204 0.235 0.294 0.302 0.259 0.157 0.129 0.149 0.153 0.141 0.165 0.180 0.298 0.522 0.698 1.000 1.000 1.000 1.000 1.000 1.000 1.000 1.000 1.000 1.000 1.000 1.000 1.000 1.000 1.000 1.000 1.000 1.000 1.000 1.000 1.000 1.000 1.000 1.000 1.000 1.000 1.000 1.000 1.000 1.000 1.000 1.000 1.000 1.000 1.000 1.000 1.000 1.000
0.996 0.996 0.996 0.996 1.000 1.000 1.000 0.996 1.000 1.000 1.000 1.000 1.000 1.000 1.000 1.000 1.000 1.000 1.000 1.000 1.000 1.000 1.000 1.000 1.000 1.000 1.000 1.000 1.000 1.000 1.000 1.000 0.588 0.337 0.380 0.459 0.329 0.192 0.227 0.490 0.600 0.561 0.600 0.561 0.447 0.439 0.416 0.420 0.318 0.267 0.337 0.290 0.220 0.165 0.196 0.176 0.157 0.165 0.196 0.200 0.361 0.698 1.000 1.000 1.000 1.000 1.000 1.000 1.000 1.000 1.000 1.000 1.000 1.000 1.000 1.000 1.000 1.000 1.000 1.000 1.000 1.000 1.000 1.000 1.000 1.000 1.000 1.000 1.000 1.000 1.000 1.000 1.000 1.000 1.000 1.000 1.000 1.000 1.000 1.000
0.996 1.000 0.996 1.000 1.000 1.000 1.000 1.000 1.000 1.000 1.000 1.000 1.000 1.000 1.000 1.000 1.000 1.000 1.000 1.000 1.000 1.000 1.000 1.000 1.000 1.000 1.000 1.000 1.000 1.000 1.000 1.000 0.392 0.361 0.616 0.573 0.416 0.192 0.290 0.576 0.604 0.565 0.561 0.573 0.533 0.545 0.502 0.459 0.361 0.337 0.298 0.310 0.200 0.141 0.180 0.204 0.204 0.184 0.173 0.208 0.282 0.667 1.000 1.000 1.000 1.000 1.000 1.000 1.000 1.000 1.000 1.000 1.000 1.000 1.000 1.000 1.000 1.000 1.000 1.000 1.000 1.000 1.000 1.000 1.000 1.000 1.000 1.000 1.000 1.000 1.000 1.000 1.000 1.000 1.000 1.000 1.000 1.000 1.000 1.000
0.996 0.996 0.996 1.000 1.000 1.000 1.000 1.000 1.000 1.000 1.000 1.000 1.000 1.000 1.000 1.000 1.000 1.000 1.000 1.000 1.000 1.000 1.000 1.000 1.000 1.000 1.000 1.000 1.000 0.996 0.988 1.000 0.467 0.643 0.624 0.604 0.404 0.184 0.286 0.541 0.384 0.463 0.494 0.443 0.447 0.482 0.490 0.361 0.325 0.310 0.322 0.353 0.286 0.184 0.169 0.286 0.243 0.243 0.220 0.184 0.282 0.529 1.000 1.000 1.000 1.000 1.000 1.000 1.000 1.000 1.000 1.000 1.000 1.000 1.000 1.000 1.000 1.000 1.000 1.000 1.000 1.000 1.000 1.000 1.000 1.000 1.000 1.000 1.000 1.000 1.000 1.000 1.000 1.000 1.000 1.000 1.000 1.000 1.000 1.000
0.996 0.996 0.996 0.996 1.000 0.996 0.996 1.000 1.000 1.000 1.000 1.000 1.000 1.000 1.000 1.000 1.000 1.000 1.000 1.000 1.000 1.000 1.000 1.000 1.000 1.000 1.000 1.000 0.992 0.710 0.671 0.400 0.608 0.620 0.624 0.478 0.176 0.118 0.235 0.173 0.243 0.725 0.729 0.769 0.722 0.635 0.690 0.439 0.471 0.420 0.227 0.259 0.282 0.173 0.157 0.259 0.314 0.267 0.298 0.231 0.439 0.478 1.000 1.000 1.000 1.000 1.000 1.000 1.000 1.000 1.000 1.000 1.000 1.000 1.000 1.000 1.000 1.000 1.000 1.000 1.000 1.000 1.000 1.000 1.000 1.000 1.000 1.000 1.000 1.000 1.000 1.000 1.000 1.000 1.000 1.000 1.000 1.000 1.000 1.000
0.996 0.996 1.000 0.996 1.000 0.996 0.996 1.000 1.000 1.000 1.000 1.000 1.000 1.000 1.000 1.000 1.000 1.000 1.000 1.000 1.000 1.000 1.000 1.000 1.000 1.000 1.000 1.000 0.996 0.643 0.678 0.282 0.588 0.639 0.608 0.349 0.275 0.137 0.157 0.220 0.227 0.384 0.396 0.439 0.412 0.369 0.396 0.353 0.271 0.298 0.188 0.106 0.180 0.129 0.133 0.278 0.322 0.341 0.322 0.314 0.275 0.420 1.000 0.980 0.988 1.000 1.000 1.000 1.000 1.000 1.000 1.000 1.000 1.000 1.000 1.000 1.000 1.000 1.000 1.000 1.000 1.000 1.000 1.000 1.000 1.000 1.000 1.000 1.000 1.000 1.000 1.000 1.000 1.000 1.000 1.000 1.000 1.000 1.000 1.000
0.996 0.996 0.996 0.996 0.996 0.996 0.996 1.000 1.000 1.000 1.000 1.000 1.000 1.000 1.000 1.000 1.000 1.000 1.000 1.000 1.000 1.000 1.000 1.000 1.000 1.000 1.000 1.000 0.953 0.580 0.667 0.290 0.647 0.631 0.612 0.416 0.212 0.169 0.212 0.224 0.165 0.227 0.165 0.125 0.247 0.337 0.235 0.114 0.102 0.110 0.118 0.122 0.098 0.125 0.157 0.251 0.322 0.345 0.337 0.376 0.353 0.392 0.408 0.478 0.486 0.969 1.000 1.000 1.000 1.000 1.000 1.000 1.000 1.000 1.000 1.000 1.000 1.000 1.000 1.000 1.000 1.000 1.000 1.000 1.000 1.000 1.000 1.000 1.000 1.000 1.000 1.000 1.000 1.000 1.000 1.000 1.000 1.000 1.000 1.000
0.996 0.996 0.996 0.996 0.996 0.996 1.000 1.000 1.000 1.000 1.000 1.000 1.000 1.000 1.000 1.000 1.000 1.000 1.000 1.000 1.000 1.000 1.000 1.000 1.000 1.000 1.000 1.000 0.612 0.592 0.486 0.286 0.604 0.639 0.635 0.482 0.298 0.275 0.247 0.216 0.161 0.165 0.180 0.129 0.098 0.184 0.271 0.122 0.149 0.118 0.129 0.129 0.129 0.118 0.149 0.322 0.349 0.294 0.337 0.463 0.361 0.596 0.357 0.447 0.220 0.745 1.000 1.000 1.000 1.000 1.000 1.000 1.000 1.000 1.000 1.000 1.000 1.000 1.000 1.000 1.000 1.000 1.000 1.000 1.000 1.000 1.000 1.000 1.000 1.000 1.000 1.000 1.000 1.000 1.000 1.000 1.000 1.000 1.000 1.000
0.996 0.996 0.996 0.996 0.996 0.996 1.000 1.000 1.000 0.996 1.000 1.000 1.000 1.000 1.000 1.000 1.000 1.000 1.000 1.000 1.000 1.000 1.000 1.000 1.000 1.000 1.000 1.000 0.702 0.431 0.608 0.298 0.631 0.655 0.671 0.584 0.310 0.408 0.447 0.435 0.329 0.224 0.212 0.255 0.184 0.188 0.114 0.110 0.114 0.114 0.129 0.173 0.157 0.145 0.251 0.349 0.349 0.314 0.451 0.451 0.302 0.333 0.365 0.416 0.455 0.647 1.000 1.000 1.000 1.000 1.000 1.000 1.000 1.000 1.000 1.000 1.000 1.000 1.000 1.000 1.000 1.000 1.000 1.000 1.000 1.000 1.000 1.000 1.000 1.000 1.000 1.000 1.000 1.000 1.000 1.000 1.000 1.000 1.000 1.000
0.996 0.996 0.996 0.996 0.996 0.996 0.996 1.000 1.000 1.000 1.000 1.000 1.000 1.000 1.000 1.000 1.000 1.000 1.000 1.000 1.000 1.000 1.000 1.000 1.000 1.000 1.000 1.000 0.671 0.545 0.506 0.471 0.635 0.678 0.690 0.651 0.518 0.275 0.588 0.616 0.576 0.494 0.576 0.549 0.463 0.349 0.235 0.176 0.149 0.216 0.259 0.263 0.247 0.278 0.404 0.396 0.369 0.376 0.498 0.541 0.349 0.435 0.408 0.365 0.737 0.486 1.000 1.000 1.000 1.000 1.000 1.000 1.000 1.000 1.000 1.000 1.000 1.000 1.000 1.000 1.000 1.000 1.000 1.000 1.000 1.000 1.000 1.000 1.000 1.000 1.000 1.000 1.000 1.000 1.000 1.000 1.000 1.000 1.000 1.000
0.996 0.996 0.996 0.996 0.996 0.996 0.996 0.996 0.996 0.996 0.996 1.000 1.000 1.000 1.000 1.000 1.000 1.000 1.000 1.000 1.000 1.000 1.000 1.000 1.000 1.000 1.000 0.761 0.682 0.616 0.525 0.573 0.627 0.686 0.706 0.675 0.624 0.427 0.369 0.576 0.565 0.580 0.557 0.616 0.533 0.494 0.231 0.153 0.224 0.286 0.333 0.286 0.318 0.451 0.439 0.435 0.420 0.443 0.510 0.518 0.408 0.310 0.392 0.408 0.322 0.486 0.988 1.000 1.000 1.000 1.000 1.000 1.000 1.000 1.000 1.000 1.000 1.000 1.000 1.000 1.000 1.000 1.000 1.000 1.000 1.000 1.000 1.000 1.000 1.000 1.000 1.000 1.000 1.000 1.000 1.000 1.000 1.000 1.000 1.000
0.996 0.996 0.996 0.996 0.996 1.000 0.996 1.000 1.000 1.000 0.996 1.000 1.000 1.000 1.000 1.000 1.000 1.000 1.000 1.000 1.000 1.000 1.000 1.000 1.000 1.000 1.000 0.690 0.702 0.733 0.302 0.596 0.627 0.667 0.714 0.659 0.588 0.529 0.529 0.529 0.561 0.612 0.624 0.651 0.596 0.486 0.376 0.349 0.373 0.294 0.294 0.341 0.447 0.478 0.498 0.447 0.420 0.478 0.431 0.580 0.400 0.502 0.369 0.510 0.416 0.420 0.910 1.000 1.000 1.000 1.000 1.000 1.000 1.000 1.000 1.000 1.000 1.000 1.000 1.000 1.000 1.000 1.000 1.000 1.000 1.000 1.000 1.000 1.000 1.000 1.000 1.000 1.000 1.000 1.000 1.000 1.000 1.000 1.000 1.000
0.996 0.996 0.996 0.996 0.996 0.996 0.996 0.996 0.996 0.996 0.996 1.000 1.000 1.000 1.000 1.000 1.000 1.000 1.000 1.000 1.000 1.000 1.000 1.000 1.000 1.000 1.000 0.667 0.651 0.729 0.255 0.608 0.635 0.616 0.655 0.616 0.576 0.525 0.541 0.541 0.592 0.565 0.608 0.659 0.596 0.467 0.404 0.369 0.353 0.333 0.306 0.357 0.459 0.494 0.482 0.451 0.471 0.486 0.478 0.631 0.455 0.337 0.424 0.482 0.353 0.424 0.588 1.000 1.000 1.000 1.000 1.000 1.000 1.000 1.000 1.000 1.000 1.000 1.000 1.000 1.000 1.000 1.000 1.000 1.000 1.000 1.000 1.000 1.000 1.000 1.000 1.000 1.000 1.000 1.000 1.000 1.000 1.000 1.000 1.000
0.992 0.996 0.996 0.996 0.996 0.996 0.996 1.000 0.996 0.996 1.000 1.000 1.000 1.000 1.000 1.000 1.000 1.000 1.000 1.000 1.000 1.000 1.000 1.000 1.000 1.000 1.000 0.588 0.643 0.588 0.235 0.569 0.627 0.604 0.616 0.569 0.502 0.416 0.498 0.553 0.561 0.592 0.596 0.627 0.588 0.439 0.408 0.349 0.329 0.314 0.353 0.404 0.412 0.427 0.475 0.463 0.678 0.620 0.545 0.651 0.459 0.463 0.278 0.318 0.447 0.514 0.529 1.000 1.000 1.000 1.000 1.000 1.000 1.000 1.000 1.000 1.000 1.000 1.000 1.000 1.000 1.000 1.000 1.000 1.000 1.000 1.000 1.000 1.000 1.000 1.000 1.000 1.000 1.000 1.000 1.000 1.000 1.000 1.000 1.000
0.992 0.992 0.996 0.996 0.996 0.996 0.996 0.996 0.996 1.000 1.000 1.000 1.000 1.000 1.000 1.000 1.000 1.000 1.000 1.000 1.000 1.000 1.000 1.000 1.000 1.000 1.000 0.675 0.643 0.396 0.220 0.596 0.576 0.584 0.545 0.451 0.427 0.490 0.502 0.467 0.522 0.514 0.592 0.608 0.576 0.420 0.376 0.345 0.294 0.310 0.341 0.282 0.322 0.341 0.384 0.431 0.549 0.557 0.643 0.631 0.451 0.502 0.322 0.392 0.447 0.447 0.522 1.000 1.000 1.000 1.000 1.000 1.000 1.000 1.000 1.000 1.000 1.000 1.000 1.000 1.000 1.000 1.000 1.000 1.000 1.000 1.000 1.000 1.000 1.000 1.000 1.000 1.000 1.000 1.000 1.000 1.000 1.000 1.000 1.000
0.996 0.996 0.996 0.996 0.996 0.996 0.996 0.996 0.996 0.996 0.996 0.996 0.996 1.000 1.000 1.000 1.000 1.000 1.000 1.000 1.000 1.000 1.000 1.000 1.000 1.000 1.000 0.996 0.984 0.267 0.208 0.541 0.541 0.529 0.518 0.451 0.482 0.459 0.380 0.329 0.420 0.447 0.525 0.608 0.541 0.408 0.337 0.306 0.278 0.259 0.282 0.294 0.302 0.333 0.361 0.376 0.482 0.580 0.643 0.620 0.443 0.333 0.318 0.306 0.502 0.455 0.529 1.000 1.000 1.000 1.000 1.000 1.000 1.000 1.000 1.000 1.000 1.000 1.000 1.000 1.000 1.000 1.000 1.000 1.000 1.000 1.000 1.000 1.000 1.000 1.000 1.000 1.000 1.000 1.000 1.000 1.000 1.000 1.000 1.000
0.992 0.996 0.996 0.996 0.996 1.000 0.996 1.000 0.996 0.996 0.996 0.996 0.996 0.996 1.000 1.000 1.000 1.000 1.000 1.000 1.000 1.000 1.000 1.000 1.000 1.000 1.000 1.000 0.992 0.286 0.239 0.533 0.502 0.455 0.329 0.408 0.376 0.408 0.243 0.310 0.275 0.325 0.502 0.588 0.541 0.365 0.322 0.235 0.212 0.149 0.231 0.267 0.251 0.247 0.278 0.286 0.345 0.455 0.604 0.702 0.451 0.600 0.471 0.349 0.412 0.459 0.608 1.000 1.000 1.000 1.000 1.000 1.000 1.000 1.000 1.000 1.000 1.000 1.000 1.000 1.000 1.000 1.000 1.000 1.000 1.000 1.000 1.000 1.000 1.000 1.000 1.000 1.000 1.000 1.000 1.000 1.000 1.000 1.000 1.000
0.992 0.992 0.996 0.996 0.996 0.996 0.996 0.996 0.996 0.996 0.996 0.996 0.996 1.000 1.000 0.996 1.000 1.000 1.000 1.000 1.000 1.000 1.000 1.000 1.000 1.000 1.000 1.000 0.988 0.353 0.267 0.553 0.486 0.510 0.333 0.141 0.620 0.729 0.098 0.165 0.275 0.310 0.431 0.616 0.529 0.396 0.263 0.251 0.141 0.204 0.220 0.231 0.188 0.220 0.220 0.231 0.235 0.329 0.682 0.659 0.467 0.533 0.337 0.302 0.706 0.831 0.996 1.000 1.000 1.000 1.000 1.000 1.000 1.000 1.000 1.000 1.000 1.000 1.000 1.000 1.000 1.000 1.000 1.000 1.000 1.000 1.000 1.000 1.000 1.000 1.000 1.000 1.000 1.000 1.000 1.000 1.000 1.000 1.000 1.000
0.992 0.992 0.996 0.996 0.996 0.996 0.996 0.996 0.996 0.996 0.996 0.996 0.996 0.996 1.000 1.000 1.000 1.000 1.000 1.000 1.000 1.000 1.000 1.000 1.000 1.000 1.000 1.000 0.996 0.310 0.310 0.525 0.337 0.565 0.541 0.412 0.141 0.137 0.106 0.161 0.173 0.224 0.388 0.573 0.494 0.365 0.224 0.192 0.149 0.302 0.125 0.090 0.161 0.337 0.141 0.204 0.243 0.416 0.769 0.690 0.380 0.400 0.298 0.624 1.000 1.000 1.000 1.000 1.000 1.000 1.000 1.000 1.000 1.000 1.000 1.000 1.000 1.000 1.000 1.000 1.000 1.000 1.000 1.000 1.000 1.000 1.000 1.000 1.000 1.000 1.000 1.000 1.000 1.000 1.000 1.000 1.000 1.000 1.000 1.000
0.992 0.992 0.992 0.996 0.996 0.996 0.996 0.996 0.996 0.996 0.996 0.996 0.996 0.996 1.000 0.996 0.996 1.000 1.000 1.000 1.000 1.000 1.000 1.000 1.000 1.000 1.000 1.000 0.992 0.322 0.333 0.498 0.329 0.282 0.545 0.557 0.435 0.239 0.188 0.137 0.263 0.384 0.471 0.620 0.498 0.353 0.220 0.169 0.137 0.259 0.157 0.110 0.110 0.149 0.180 0.235 0.243 0.663 0.604 0.525 0.404 0.475 0.341 0.549 0.996 1.000 1.000 1.000 1.000 1.000 1.000 1.000 1.000 1.000 1.000 1.000 1.000 1.000 1.000 1.000 1.000 1.000 1.000 1.000 1.000 1.000 1.000 1.000 1.000 1.000 1.000 1.000 1.000 1.000 1.000 1.000 1.000 1.000 1.000 1.000
0.992 0.992 0.992 0.992 0.992 0.996 0.996 0.996 0.996 0.996 0.996 0.996 0.996 0.996 0.996 0.996 0.996 0.996 1.000 1.000 1.000 1.000 1.000 1.000 1.000 1.000 1.000 1.000 0.992 0.302 0.325 0.416 0.518 0.286 0.271 0.278 0.365 0.388 0.286 0.263 0.337 0.475 0.463 0.596 0.502 0.373 0.224 0.188 0.173 0.141 0.239 0.247 0.169 0.196 0.267 0.282 0.243 0.627 0.647 0.388 0.325 0.255 0.341 0.576 1.000 1.000 1.000 1.000 1.000 1.000 1.000 1.000 1.000 1.000 1.000 1.000 1.000 1.000 1.000 1.000 1.000 1.000 1.000 1.000 1.000 1.000 1.000 1.000 1.000 1.000 1.000 1.000 1.000 1.000 1.000 1.000 1.000 1.000 1.000 1.000
0.992 0.992 0.992 0.992 0.992 0.996 0.996 0.992 0.996 0.996 0.996 0.996 0.996 0.996 0.996 0.996 0.996 0.996 1.000 0.996 1.000 1.000 1.000 1.000 1.000 1.000 1.000 1.000 0.953 0.275 0.357 0.369 0.518 0.514 0.341 0.310 0.224 0.149 0.149 0.282 0.227 0.376 0.341 0.533 0.506 0.373 0.231 0.200 0.165 0.141 0.200 0.310 0.349 0.337 0.259 0.216 0.384 0.631 0.420 0.294 0.278 0.369 0.278 0.596 1.000 1.000 1.000 1.000 1.000 1.000 1.000 1.000 1.000 1.000 1.000 1.000 1.000 1.000 1.000 1.000 1.000 1.000 1.000 1.000 1.000 1.000 1.000 1.000 1.000 1.000 1.000 1.000 1.000 1.000 1.000 1.000 1.000 1.000 1.000 1.000
0.992 0.992 0.992 0.992 0.992 0.992 0.992 0.996 0.996 0.996 0.996 0.996 0.996 0.996 0.996 0.996 0.996 0.996 1.000 1.000 1.000 0.996 1.000 1.000 0.996 1.000 1.000 1.000 0.976 0.271 0.329 0.373 0.533 0.557 0.573 0.588 0.514 0.302 0.310 0.443 0.388 0.451 0.412 0.545 0.522 0.467 0.251 0.239 0.196 0.125 0.122 0.110 0.102 0.137 0.180 0.400 0.753 0.510 0.325 0.259 0.263 0.290 0.392 0.600 1.000 1.000 1.000 1.000 1.000 1.000 1.000 1.000 1.000 1.000 1.000 1.000 1.000 1.000 1.000 1.000 1.000 1.000 1.000 1.000 1.000 1.000 1.000 1.000 1.000 1.000 1.000 0.996 1.000 0.996 1.000 1.000 1.000 0.996 1.000 1.000
0.992 0.992 0.992 0.992 0.992 0.992 0.996 0.992 0.996 0.996 0.992 0.996 0.996 0.996 0.996 0.996 0.996 0.996 1.000 0.996 1.000 1.000 0.996 1.000 0.996 0.996 0.996 1.000 0.953 0.267 0.349 0.376 0.569 0.576 0.596 0.596 0.600 0.624 0.616 0.604 0.600 0.584 0.553 0.569 0.549 0.514 0.467 0.384 0.208 0.184 0.180 0.161 0.192 0.298 0.624 0.796 0.569 0.357 0.384 0.325 0.380 0.286 0.388 0.741 1.000 1.000 1.000 1.000 1.000 0.996 1.000 1.000 0.996 1.000 1.000 1.000 1.000 1.000 1.000 0.996 1.000 1.000 1.000 1.000 1.000 1.000 1.000 1.000 1.000 0.996 1.000 1.000 1.000 1.000 1.000 0.996 1.000 0.996 1.000 1.000
0.992 0.992 0.992 0.992 0.992 0.992 0.992 0.992 0.992 0.996 0.996 0.996 0.996 0.996 0.996 0.996 0.996 0.996 0.996 0.996 1.000 0.996 1.000 0.996 1.000 0.996 0.996 1.000 0.988 0.259 0.302 0.373 0.565 0.608 0.604 0.604 0.616 0.616 0.616 0.600 0.612 0.596 0.557 0.537 0.533 0.518 0.490 0.498 0.459 0.412 0.400 0.380 0.420 0.588 0.639 0.518 0.463 0.369 0.420 0.294 0.502 0.541 0.380 0.686 1.000 1.000 1.000 1.000 1.000 1.000 1.000 1.000 1.000 1.000 1.000 1.000 1.000 1.000 1.000 0.996 1.000 1.000 1.000 1.000 1.000 1.000 0.996 1.000 0.996 1.000 1.000 1.000 0.996 1.000 1.000 1.000 1.000 1.000 0.996 0.996
0.992 0.988 0.992 0.992 0.992 0.992 0.992 0.992 0.992 0.992 0.996 0.996 0.996 0.996 0.996 0.996 0.996 1.000 0.996 1.000 0.996 0.996 0.996 0.996 0.996 1.000 0.996 1.000 0.988 0.290 0.275 0.396 0.545 0.620 0.620 0.624 0.608 0.600 0.596 0.580 0.565 0.545 0.545 0.525 0.510 0.522 0.510 0.494 0.471 0.431 0.408 0.420 0.471 0.537 0.482 0.494 0.467 0.365 0.345 0.416 0.478 0.557 0.643 0.941 1.000 1.000 1.000 1.000 0.996 1.000 1.000 1.000 1.000 1.000 1.000 0.996 1.000 1.000 1.000 1.000 1.000 1.000 0.996 1.000 1.000 1.000 0.996 1.000 1.000 1.000 1.000 1.000 1.000 1.000 1.000 1.000 0.996 1.000 1.000 0.996
0.988 0.992 0.992 0.992 0.992 0.992 0.992 0.996 0.992 0.992 0.992 0.996 0.996 0.996 0.996 0.996 0.996 0.996 0.996 0.996 0.996 0.996 0.996 0.996 0.996 0.996 0.996 0.996 0.996 0.318 0.290 0.384 0.565 0.620 0.627 0.624 0.592 0.576 0.588 0.561 0.561 0.549 0.529 0.494 0.506 0.498 0.478 0.475 0.467 0.416 0.400 0.357 0.369 0.400 0.404 0.486 0.506 0.459 0.318 0.463 0.498 0.569 0.455 0.992 1.000 1.000 1.000 0.996 1.000 1.000 1.000 0.996 0.996 1.000 0.996 1.000 1.000 1.000 1.000 0.996 1.000 0.996 0.996 1.000 1.000 0.996 0.996 1.000 0.996 0.996 1.000 1.000 1.000 0.996 1.000 0.996 0.996 0.996 0.996 0.996
0.988 0.992 0.992 0.992 0.992 0.992 0.992 0.992 0.992 0.992 0.992 0.996 0.996 0.996 0.996 0.996 0.996 0.996 0.996 0.996 0.996 0.996 0.996 0.996 1.000 1.000 0.996 1.000 0.996 0.388 0.275 0.400 0.565 0.604 0.612 0.604 0.635 0.612 0.569 0.565 0.565 0.549 0.529 0.545 0.490 0.490 0.467 0.475 0.424 0.412 0.388 0.380 0.369 0.380 0.373 0.529 0.522 0.467 0.451 0.537 0.573 0.376 0.329 1.000 1.000 1.000 1.000 0.996 1.000 1.000 1.000 0.996 0.996 1.000 1.000 0.996 1.000 1.000 0.996 0.996 0.996 1.000 0.996 0.996 0.996 1.000 0.996 0.996 1.000 1.000 1.000 1.000 0.996 0.996 0.996 0.996 1.000 0.996 0.996 0.996
0.988 0.988 0.992 0.992 0.992 0.992 0.992 0.992 0.992 0.992 0.996 0.996 0.996 0.996 0.996 0.996 0.996 0.996 0.996 0.996 0.996 0.996 1.000 0.996 0.996 0.996 0.996 0.996 0.996 0.675 0.271 0.365 0.471 0.569 0.604 0.600 0.620 0.624 0.616 0.565 0.541 0.537 0.529 0.514 0.486 0.486 0.463 0.447 0.431 0.388 0.396 0.380 0.388 0.365 0.475 0.635 0.592 0.549 0.545 0.616 0.537 0.333 0.392 0.992 1.000 1.000 1.000 1.000 1.000 1.000 1.000 1.000 1.000 1.000 0.996 0.996 0.996 0.996 0.996 0.996 1.000 0.996 0.996 0.996 0.996 0.996 1.000 0.996 0.996 0.996 0.996 1.000 0.996 1.000 0.996 0.996 0.996 0.996 0.996 0.996
0.988 0.988 0.992 0.988 0.992 0.992 0.992 0.992 0.992 0.992 0.992 0.996 0.992 0.992 0.996 0.996 0.996 0.996 0.996 0.996 0.996 0.996 0.996 0.996 0.996 0.996 0.996 0.996 0.996 0.980 0.220 0.302 0.388 0.541 0.588 0.600 0.600 0.616 0.604 0.584 0.569 0.545 0.514 0.482 0.502 0.482 0.439 0.455 0.416 0.412 0.427 0.388 0.384 0.416 0.553 0.725 0.655 0.698 0.643 0.675 0.361 0.412 0.855 0.996 0.996 0.996 0.996 0.996 0.996 1.000 1.000 0.996 1.000 1.000 0.996 0.996 0.996 0.996 0.996 0.996 0.996 0.996 0.996 0.996 0.996 0.996 0.996 0.996 0.996 0.996 0.996 0.996 0.996 0.996 0.996 1.000 0.996 0.996 0.996 0.996
0.988 0.988 0.988 0.992 0.988 0.992 0.992 0.992 0.992 0.992 0.992 0.992 0.996 0.996 0.996 0.996 0.996 0.996 0.996 0.996 0.996 0.996 0.996 0.996 0.996 0.996 0.996 0.996 0.996 0.996 0.255 0.235 0.353 0.455 0.584 0.580 0.608 0.600 0.584 0.565 0.553 0.522 0.514 0.522 0.518 0.490 0.471 0.475 0.451 0.424 0.388 0.400 0.384 0.580 0.651 0.714 0.690 0.749 0.647 0.671 0.267 0.314 0.992 0.996 0.996 0.996 0.996 0.996 0.996 0.996 0.996 0.996 0.996 0.996 0.996 0.996 0.996 0.996 0.996 0.996 0.996 0.996 0.996 0.996 0.996 0.996 0.996 0.996 0.996 0.996 0.996 0.996 0.996 0.996 0.996 1.000 0.996 0.996 0.996 0.996
0.988 0.988 0.988 0.992 0.988 0.992 0.992 0.992 0.992 0.992 0.992 0.992 0.992 0.996 0.996 0.996 0.996 0.996 0.996 0.996 0.996 0.996 0.996 0.996 1.000 0.996 0.996 0.996 0.996 0.996 0.322 0.200 0.216 0.290 0.478 0.553 0.576 0.569 0.549 0.541 0.525 0.541 0.510 0.478 0.482 0.478 0.463 0.478 0.455 0.416 0.416 0.412 0.576 0.714 0.733 0.753 0.776 0.592 0.741 0.412 0.235 0.424 1.000 0.996 0.996 0.996 0.996 0.996 0.996 0.996 0.996 0.996 1.000 0.996 0.996 0.996 0.996 0.996 0.996 0.996 0.996 0.996 0.996 0.996 0.996 0.996 0.996 0.996 0.996 0.996 0.996 0.996 0.996 0.996 0.996 0.996 0.996 0.996 0.996 0.996
0.988 0.988 0.988 0.988 0.988 0.992 0.988 0.992 0.992 0.992 0.992 0.992 0.992 0.992 0.996 0.996 0.996 0.996 0.996 0.996 0.996 0.996 0.996 0.996 0.996 0.996 0.996 0.996 0.996 0.992 0.412 0.204 0.169 0.235 0.365 0.475 0.522 0.541 0.533 0.529 0.525 0.506 0.498 0.478 0.486 0.471 0.451 0.471 0.435 0.431 0.424 0.416 0.635 0.667 0.796 0.824 0.702 0.584 0.490 0.235 0.369 0.969 0.996 0.996 0.996 0.996 0.996 0.996 0.996 0.996 0.996 0.996 0.996 0.996 0.996 0.996 0.996 0.996 0.996 0.996 0.996 0.996 0.996 0.996 0.996 0.996 0.996 0.996 0.996 0.996 0.996 0.996 0.996 0.996 0.996 0.996 0.996 0.996 0.996 0.996
0.988 0.988 0.988 0.988 0.988 0.992 0.992 0.992 0.992 0.992 0.992 0.992 0.992 0.992 0.992 0.996 0.996 0.996 0.996 0.996 0.996 0.996 0.996 0.996 0.996 0.996 0.996 0.996 0.996 0.996 0.835 0.271 0.169 0.196 0.188 0.267 0.361 0.365 0.455 0.463 0.443 0.467 0.392 0.396 0.435 0.467 0.431 0.420 0.416 0.439 0.408 0.447 0.490 0.580 0.796 0.792 0.820 0.733 0.349 0.282 0.690 0.996 0.996 0.996 0.996 0.996 0.996 0.996 0.996 0.996 0.996 0.996 0.996 0.996 0.996 0.996 0.996 0.996 0.996 0.996 0.996 0.996 0.996 0.996 0.996 0.996 0.996 0.996 0.996 0.996 0.996 0.996 0.996 0.996 0.996 0.996 0.996 0.996 0.996 0.996
0.984 0.988 0.988 0.988 0.992 0.992 0.992 0.992 0.992 0.992 0.992 0.992 0.992 0.992 0.992 0.996 0.996 0.996 0.996 0.996 0.996 0.996 0.996 0.996 0.996 0.996 0.996 0.996 0.996 0.996 0.996 0.435 0.188 0.212 0.161 0.141 0.176 0.243 0.278 0.263 0.314 0.259 0.318 0.243 0.255 0.400 0.392 0.369 0.369 0.400 0.349 0.373 0.357 0.588 0.475 0.671 0.384 0.345 0.208 0.733 0.976 0.996 0.996 0.996 0.996 0.996 0.996 0.996 0.996 0.996 0.996 0.996 0.996 0.996 0.996 0.996 0.996 0.996 0.996 0.996 0.996 0.996 0.996 0.996 0.996 0.996 0.996 0.996 0.996 0.996 0.996 0.996 0.996 0.996 0.996 0.996 0.996 0.996 0.996 0.992
0.984 0.988 0.984 0.988 0.992 0.992 0.988 0.992 0.992 0.988 0.992 0.992 0.992 0.992 0.992 0.992 0.996 0.996 0.996 0.996 0.996 0.996 0.996 0.996 0.996 0.996 0.996 0.996 0.996 0.996 0.996 0.961 0.357 0.251 0.184 0.145 0.169 0.173 0.137 0.165 0.153 0.188 0.165 0.169 0.192 0.212 0.239 0.216 0.224 0.224 0.173 0.239 0.275 0.247 0.153 0.196 0.184 0.224 0.298 0.976 0.996 0.992 0.992 0.996 0.996 0.996 0.996 0.996 0.996 0.996 1.000 0.996 0.996 0.996 1.000 0.996 0.996 0.996 0.996 0.996 0.996 0.996 0.996 0.996 1.000 0.996 0.996 0.996 0.996 0.996 0.996 0.996 0.996 0.996 0.996 0.996 0.996 0.996 0.996 0.996
0.984 0.984 0.988 0.988 0.988 0.992 0.988 0.988 0.992 0.992 0.992 0.992 0.992 0.992 0.992 0.992 0.992 0.992 0.996 0.996 0.996 0.996 0.996 0.996 0.996 0.996 0.996 0.996 0.996 0.996 0.996 0.988 0.969 0.388 0.286 0.180 0.149 0.149 0.133 0.129 0.133 0.125 0.153 0.196 0.141 0.161 0.180 0.133 0.173 0.161 0.231 0.141 0.153 0.129 0.169 0.251 0.278 0.259 0.761 0.984 0.996 0.996 0.996 0.996 0.996 0.996 0.996 0.996 0.996 0.996 0.996 0.996 0.996 0.996 0.996 0.996 0.996 0.996 0.996 0.996 0.996 0.996 0.996 0.996 0.996 0.996 0.996 0.996 0.996 0.996 0.996 0.996 0.996 0.996 0.996 0.996 0.996 0.996 0.996 0.996
0.980 0.984 0.984 0.984 0.988 0.988 0.988 0.992 0.988 0.988 0.992 0.992 0.992 0.992 0.992 0.992 0.992 0.992 0.992 0.996 0.996 0.996 0.996 0.996 0.996 0.996 0.996 0.996 0.996 0.996 0.996 0.996 0.988 1.000 0.388 0.176 0.176 0.184 0.149 0.141 0.125 0.153 0.141 0.137 0.263 0.133 0.141 0.133 0.129 0.141 0.314 0.176 0.161 0.169 0.333 0.263 0.584 0.475 0.988 0.992 0.996 0.996 0.996 0.996 0.996 0.996 0.996 0.996 0.996 0.996 0.996 0.996 0.996 0.996 0.996 0.996 0.996 0.996 0.996 0.996 0.996 0.996 0.996 0.996 0.996 0.996 0.996 0.996 0.996 0.996 0.996 0.996 0.996 0.996 0.996 0.996 0.996 0.992 0.992 0.992
0.984 0.984 0.984 0.984 0.988 0.988 0.988 0.988 0.988 0.992 0.992 0.992 0.992 0.992 0.992 0.992 0.992 0.992 0.992 0.992 0.996 0.996 0.996 0.992 0.996 0.996 0.996 0.996 0.996 0.996 0.996 0.996 0.996 0.996 0.851 0.286 0.267 0.204 0.169 0.157 0.165 0.153 0.141 0.137 0.157 0.220 0.165 0.157 0.294 0.686 0.235 0.424 0.392 0.698 0.208 0.514 0.620 0.973 0.996 0.996 0.992 0.996 0.996 0.996 0.996 0.996 0.996 0.996 0.996 0.996 0.996 0.996 0.996 0.996 0.996 0.996 0.996 0.996 0.996 0.996 0.996 0.996 0.996 0.996 0.996 0.996 0.996 0.996 0.996 0.996 0.996 0.996 0.996 0.996 0.996 0.992 0.992 0.992 0.992 0.992
0.980 0.984 0.984 0.984 0.984 0.988 0.984 0.988 0.988 0.988 0.992 0.992 0.992 0.988 0.992 0.992 0.992 0.992 0.992 0.996 0.992 0.996 0.996 0.996 0.992 0.992 0.996 0.996 0.996 0.996 0.996 0.996 0.996 0.996 0.992 0.961 0.380 0.271 0.216 0.196 0.137 0.184 0.188 0.122 0.176 0.133 0.192 0.443 0.251 0.259 0.349 0.545 0.835 0.675 0.310 0.525 0.973 0.996 0.996 0.996 0.996 0.996 0.996 0.996 0.996 0.996 0.996 0.996 0.996 0.996 0.996 0.996 0.996 0.996 0.996 0.996 0.996 0.996 0.996 0.996 0.996 0.996 0.996 0.996 0.996 0.996 0.996 0.992 0.992 0.992 0.996 0.992 0.992 0.992 0.992 0.992 0.992 0.992 0.992 0.992
0.980 0.984 0.984 0.984 0.984 0.988 0.988 0.988 0.988 0.988 0.988 0.992 0.988 0.992 0.992 0.992 0.992 0.992 0.992 0.992 0.992 0.996 0.992 0.996 0.996 0.996 0.996 0.996 0.996 0.996 0.996 0.996 0.996 0.996 0.996 0.992 0.906 0.325 0.314 0.322 0.173 0.239 0.243 0.169 0.290 0.184 0.188 0.369 0.537 0.435 0.286 0.275 0.416 0.361 0.839 0.992 0.996 0.996 0.996 0.996 0.996 0.996 0.996 0.996 0.996 0.996 0.996 0.996 0.996 0.996 0.996 0.996 0.996 0.996 0.996 0.996 0.996 0.996 0.996 0.996 0.996 0.996 0.996 0.996 0.996 0.996 0.992 0.992 0.992 0.992 0.992 0.992 0.992 0.992 0.992 0.992 0.992 0.992 0.992 0.992
0.980 0.984 0.984 0.984 0.984 0.988 0.988 0.988 0.988 0.988 0.988 0.988 0.992 0.992 0.992 0.992 0.992 0.992 0.992 0.992 0.992 0.996 0.996 0.996 0.996 0.992 0.996 0.996 0.992 0.996 0.996 0.996 0.996 0.996 0.996 0.996 0.992 0.984 0.545 0.553 0.224 0.318 0.192 0.251 0.357 0.271 0.208 0.792 0.502 0.757 0.631 0.620 0.984 0.992 0.996 0.996 0.996 0.996 0.996 0.996 0.996 0.996 0.996 0.996 0.996 0.996 0.996 0.996 0.996 0.996 0.996 0.996 0.996 0.996 0.996 0.996 0.996 0.996 0.992 0.992 0.996 0.996 0.996 0.992 0.996 0.996 0.992 0.992 0.992 0.992 0.992 0.992 0.992 0.992 0.992 0.992 0.992 0.992 0.992 0.992
0.980 0.980 0.984 0.984 0.984 0.984 0.988 0.988 0.988 0.988 0.988 0.988 0.992 0.992 0.992 0.992 0.992 0.992 0.992 0.992 0.992 0.996 0.996 0.996 0.992 0.992 0.992 0.996 0.996 0.996 0.996 0.996 0.996 0.996 0.996 0.996 0.996 0.992 0.996 0.941 0.365 0.541 0.510 0.506 0.333 0.420 0.733 0.525 0.486 0.973 0.992 0.992 0.996 0.996 0.996 0.996 0.996 0.996 0.996 0.996 0.992 0.996 0.996 0.996 0.996 0.996 0.996 0.996 0.996 0.996 0.996 0.996 0.996 0.996 0.996 0.992 0.996 0.992 0.996 0.996 0.996 0.996 0.992 0.992 0.992 0.992 0.992 0.992 0.992 0.992 0.992 0.992 0.992 0.992 0.992 0.992 0.992 0.992 0.992 0.992
0.980 0.980 0.984 0.984 0.984 0.984 0.984 0.984 0.988 0.988 0.988 0.988 0.992 0.988 0.992 0.992 0.992 0.992 0.992 0.992 0.992 0.992 0.992 0.996 0.992 0.992 0.996 0.996 0.992 0.996 0.996 0.996 0.996 0.996 0.996 0.996 0.996 0.996 0.996 0.992 0.996 0.984 0.718 0.980 0.945 0.812 0.804 0.996 0.992 0.996 0.996 0.996 0.996 0.996 0.996 0.996 0.996 0.996 0.996 0.996 0.996 0.996 0.996 0.996 0.992 0.996 0.996 0.996 0.996 0.996 0.992 0.996 0.996 0.996 0.996 0.996 0.992 0.996 0.992 0.992 0.992 0.992 0.992 0.992 0.992 0.992 0.992 0.992 0.992 0.992 0.992 0.992 0.992 0.992 0.992 0.992 0.992 0.992 0.992 0.992
0.980 0.980 0.984 0.984 0.984 0.984 0.984 0.984 0.988 0.988 0.988 0.988 0.992 0.992 0.992 0.992 0.992 0.992 0.992 0.992 0.992 0.992 0.992 0.992 0.992 0.992 0.992 0.996 0.992 0.996 0.996 0.996 0.996 0.996 0.996 0.996 0.996 0.996 0.996 0.996 0.996 0.996 0.996 0.996 0.992 0.988 0.996 0.996 0.996 0.996 0.992 0.996 0.996 0.996 0.996 0.996 0.996 0.996 0.992 0.996 0.992 0.992 0.996 0.996 0.996 0.996 0.996 0.992 0.996 0.996 0.996 0.996 0.996 0.992 0.996 0.992 0.992 0.992 0.992 0.992 0.992 0.992 0.992 0.992 0.992 0.992 0.992 0.992 0.992 0.992 0.992 0.992 0.992 0.992 0.992 0.992 0.992 0.992 0.992 0.992
0.980 0.976 0.980 0.984 0.984 0.984 0.984 0.984 0.988 0.988 0.988 0.988 0.988 0.988 0.988 0.988 0.992 0.992 0.992 0.992 0.992 0.996 0.992 0.992 0.996 0.992 0.996 0.992 0.992 0.992 0.992 0.996 0.992 0.992 0.996 0.996 0.996 0.996 0.992 0.996 0.996 0.996 0.996 0.996 0.992 0.996 0.996 0.996 0.996 0.996 0.996 0.996 0.996 0.996 0.996 0.996 0.996 0.996 0.996 0.992 0.996 0.996 0.996 0.996 0.996 0.996 0.996 0.996 0.996 0.996 0.996 0.996 0.996 0.996 0.992 0.992 0.992 0.992 0.992 0.992 0.992 0.992 0.992 0.992 0.992 0.992 0.992 0.992 0.992 0.992 0.992 0.992 0.992 0.992 0.992 0.992 0.992 0.992 0.992 0.992
0.976 0.980 0.980 0.980 0.984 0.984 0.984 0.988 0.984 0.988 0.988 0.988 0.988 0.988 0.988 0.988 0.992 0.988 0.992 0.992 0.992 0.992 0.992 0.992 0.992 0.992 0.992 0.992 0.992 0.992 0.992 0.992 0.992 0.996 0.996 0.996 0.996 0.996 0.992 0.996 0.996 0.992 0.996 0.996 0.996 0.996 0.996 0.996 0.996 0.996 0.996 0.996 0.996 0.996 0.996 0.996 0.996 0.996 0.992 0.996 0.992 0.996 0.992 0.992 0.992 0.992 0.992 0.996 0.996 0.992 0.992 0.992 0.992 0.992 0.992 0.992 0.992 0.992 0.992 0.992 0.992 0.992 0.992 0.992 0.992 0.992 0.992 0.992 0.992 0.992 0.992 0.992 0.992 0.992 0.992 0.992 0.988 0.992 0.988 0.992
0.980 0.980 0.980 0.980 0.984 0.984 0.984 0.984 0.984 0.988 0.988 0.988 0.988 0.988 0.988 0.988 0.992 0.992 0.992 0.988 0.992 0.992 0.992 0.992 0.992 0.992 0.992 0.992 0.992 0.992 0.992 0.992 0.992 0.992 0.996 0.996 0.996 0.996 0.992 0.996 0.992 0.996 0.992 0.996 0.996 0.996 0.996 0.996 0.996 0.996 0.996 0.996 0.996 0.996 0.992 0.996 0.996 0.996 0.996 0.992 0.992 0.992 0.992 0.992 0.992 0.992 0.992 0.992 0.992 0.992 0.992 0.992 0.992 0.992 0.992 0.992 0.992 0.992 0.992 0.992 0.992 0.992 0.992 0.992 0.992 0.992 0.992 0.992 0.992 0.992 0.992 0.992 0.992 0.992 0.992 0.992 0.992 0.988 0.988 0.992
0.973 0.976 0.980 0.980 0.980 0.984 0.984 0.984 0.984 0.984 0.988 0.988 0.988 0.988 0.988 0.988 0.988 0.988 0.988 0.992 0.992 0.992 0.992 0.992 0.992 0.992 0.992 0.992 0.992 0.992 0.992 0.992 0.992 0.992 0.992 0.992 0.992 0.992 0.996 0.996 0.996 0.996 0.996 0.996 0.992 0.996 0.992 0.996 0.996 0.996 0.992 0.996 0.996 0.996 0.996 0.996 0.996 0.996 0.992 0.992 0.992 0.992 0.992 0.992 0.992 0.992 0.992 0.992 0.992 0.992 0.992 0.992 0.992 0.992 0.992 0.992 0.992 0.992 0.992 0.992 0.992 0.992 0.992 0.992 0.992 0.992 0.988 0.992 0.992 0.992 0.992 0.992 0.988 0.988 0.992 0.992 0.988 0.992 0.988 0.988
0.976 0.976 0.980 0.980 0.980 0.980 0.980 0.984 0.984 0.984 0.984 0.984 0.988 0.988 0.988 0.988 0.988 0.988 0.988 0.988 0.992 0.992 0.992 0.992 0.992 0.992 0.992 0.992 0.992 0.992 0.992 0.992 0.992 0.992 0.992 0.992 0.992 0.992 0.992 0.992 0.992 0.992 0.992 0.992 0.992 0.992 0.992 0.992 0.996 0.996 0.992 0.996 0.996 0.996 0.996 0.992 0.992 0.992 0.992 0.992 0.992 0.992 0.992 0.992 0.992 0.992 0.992 0.992 0.992 0.992 0.992 0.992 0.992 0.992 0.992 0.992 0.988 0.992 0.992 0.992 0.992 0.992 0.992 0.992 0.988 0.988 0.992 0.992 0.992 0.992 0.992 0.988 0.992 0.992 0.992 0.992 0.988 0.988 0.988 0.988
0.973 0.976 0.976 0.980 0.980 0.980 0.980 0.980 0.984 0.980 0.984 0.984 0.984 0.988 0.988 0.988 0.988 0.988 0.988 0.988 0.988 0.988 0.992 0.992 0.992 0.992 0.992 0.992 0.992 0.992 0.992 0.992 0.992 0.992 0.992 0.992 0.992 0.992 0.992 0.992 0.992 0.992 0.992 0.992 0.992 0.992 0.992 0.992 0.992 0.996 0.992 0.992 0.992 0.996 0.996 0.992 0.996 0.992 0.992 0.992 0.992 0.992 0.992 0.992 0.992 0.992 0.992 0.992 0.992 0.992 0.992 0.992 0.988 0.992 0.988 0.992 0.992 0.992 0.992 0.988 0.992 0.988 0.992 0.988 0.992 0.988 0.988 0.988 0.988 0.988 0.992 0.992 0.992 0.992 0.988 0.992 0.988 0.988 0.988 0.992
0.973 0.973 0.976 0.980 0.976 0.980 0.980 0.980 0.980 0.980 0.984 0.984 0.984 0.984 0.984 0.988 0.984 0.988 0.988 0.988 0.988 0.988 0.988 0.988 0.992 0.988 0.992 0.992 0.988 0.992 0.992 0.992 0.992 0.992 0.992 0.992 0.992 0.992 0.992 0.992 0.992 0.992 0.992 0.992 0.992 0.992 0.992 0.992 0.992 0.992 0.992 0.992 0.992 0.992 0.992 0.992 0.992 0.992 0.992 0.992 0.992 0.992 0.992 0.992 0.992 0.992 0.992 0.988 0.992 0.992 0.992 0.988 0.988 0.988 0.988 0.992 0.988 0.988 0.988 0.988 0.988 0.988 0.988 0.988 0.988 0.988 0.988 0.988 0.988 0.988 0.988 0.988 0.988 0.988 0.988 0.988 0.988 0.988 0.988 0.988
0.973 0.973 0.976 0.976 0.976 0.976 0.980 0.980 0.980 0.980 0.984 0.984 0.984 0.984 0.988 0.988 0.984 0.988 0.988 0.988 0.988 0.988 0.988 0.988 0.988 0.988 0.992 0.992 0.992 0.992 0.992 0.992 0.992 0.992 0.992 0.992 0.992 0.992 0.992 0.992 0.992 0.992 0.992 0.992 0.992 0.992 0.992 0.992 0.992 0.992 0.992 0.992 0.992 0.992 0.992 0.992 0.992 0.992 0.992 0.992 0.992 0.992 0.992 0.992 0.992 0.992 0.992 0.988 0.992 0.988 0.988 0.988 0.988 0.988 0.988 0.988 0.988 0.988 0.988 0.988 0.988 0.988 0.988 0.988 0.988 0.988 0.988 0.988 0.988 0.988 0.988 0.988 0.988 0.988 0.988 0.988 0.988 0.988 0.988 0.988
0.973 0.973 0.973 0.976 0.976 0.976 0.976 0.976 0.980 0.980 0.980 0.980 0.984 0.984 0.984 0.984 0.984 0.984 0.984 0.988 0.988 0.988 0.988 0.988 0.988 0.988 0.988 0.988 0.992 0.992 0.988 0.992 0.988 0.988 0.992 0.992 0.992 0.992 0.992 0.988 0.992 0.992 0.992 0.992 0.992 0.992 0.992 0.992 0.992 0.992 0.992 0.992 0.992 0.992 0.992 0.992 0.992 0.992 0.992 0.992 0.992 0.992 0.992 0.992 0.992 0.992 0.992 0.988 0.988 0.988 0.988 0.988 0.988 0.988 0.988 0.988 0.988 0.988 0.988 0.988 0.988 0.988 0.988 0.988 0.988 0.988 0.988 0.988 0.988 0.988 0.988 0.988 0.988 0.988 0.988 0.988 0.988 0.988 0.988 0.988
0.969 0.973 0.973 0.973 0.976 0.976 0.973 0.976 0.980 0.980 0.980 0.980 0.980 0.984 0.984 0.984 0.984 0.984 0.984 0.984 0.984 0.988 0.984 0.988 0.988 0.988 0.988 0.988 0.988 0.988 0.992 0.992 0.992 0.992 0.992 0.992 0.992 0.992 0.988 0.992 0.992 0.992 0.992 0.992 0.992 0.992 0.992 0.992 0.992 0.992 0.992 0.992 0.992 0.992 0.992 0.992 0.992 0.992 0.992 0.992 0.992 0.992 0.992 0.988 0.992 0.988 0.988 0.988 0.988 0.988 0.988 0.988 0.988 0.988 0.988 0.988 0.988 0.988 0.988 0.988 0.988 0.984 0.984 0.984 0.984 0.984 0.988 0.988 0.988 0.988 0.988 0.988 0.988 0.988 0.988 0.984 0.988 0.988 0.988 0.988
0.969 0.973 0.973 0.976 0.976 0.976 0.976 0.976 0.980 0.980 0.980 0.980 0.984 0.984 0.984 0.980 0.984 0.984 0.988 0.984 0.988 0.984 0.984 0.988 0.984 0.988 0.988 0.988 0.988 0.988 0.992 0.992 0.988 0.992 0.988 0.992 0.988 0.992 0.992 0.992 0.992 0.992 0.992 0.992 0.992 0.988 0.992 0.992 0.992 0.992 0.992 0.992 0.992 0.992 0.992 0.988 0.992 0.992 0.988 0.992 0.992 0.992 0.992 0.992 0.992 0.988 0.988 0.988 0.988 0.988 0.984 0.988 0.988 0.988 0.988 0.988 0.988 0.988 0.984 0.984 0.984 0.984 0.984 0.984 0.984 0.984 0.984 0.988 0.984 0.984 0.984 0.984 0.988 0.988 0.988 0.988 0.988 0.988 0.988 0.984
0.969 0.969 0.973 0.976 0.976 0.976 0.976 0.980 0.976 0.980 0.980 0.980 0.984 0.984 0.984 0.984 0.984 0.984 0.984 0.988 0.984 0.984 0.988 0.988 0.988 0.988 0.988 0.988 0.988 0.992 0.992 0.988 0.988 0.992 0.992 0.992 0.988 0.992 0.992 0.988 0.988 0.992 0.988 0.988 0.992 0.988 0.992 0.992 0.992 0.992 0.992 0.988 0.992 0.988 0.992 0.992 0.988 0.992 0.988 0.992 0.988 0.988 0.992 0.988 0.988 0.988 0.988 0.988 0.988 0.988 0.988 0.984 0.988 0.988 0.988 0.988 0.984 0.984 0.984 0.984 0.984 0.984 0.984 0.984 0.984 0.984 0.984 0.984 0.984 0.988 0.984 0.984 0.984 0.984 0.984 0.984 0.988 0.984 0.984 0.984
0.969 0.969 0.973 0.973 0.976 0.976 0.976 0.980 0.980 0.980 0.980 0.980 0.980 0.984 0.980 0.984 0.984 0.984 0.984 0.984 0.984 0.984 0.988 0.988 0.988 0.988 0.984 0.988 0.988 0.988 0.992 0.992 0.992 0.988 0.992 0.988 0.992 0.992 0.988 0.992 0.992 0.992 0.988 0.992 0.988 0.992 0.992 0.988 0.992 0.992 0.992 0.988 0.988 0.992 0.992 0.988 0.992 0.992 0.988 0.988 0.988 0.992 0.988 0.988 0.988 0.988 0.988 0.988 0.988 0.988 0.988 0.984 0.988 0.988 0.988 0.984 0.984 0.984 0.984 0.984 0.984 0.984 0.984 0.984 0.984 0.984 0.984 0.984 0.984 0.984 0.984 0.984 0.984 0.984 0.984 0.984 0.984 0.984 0.984 0.984
